1 1
2 3
3 25
4 201
5 6979
6 233727
7 31262125
8 4103802933
9 2141080094839
10 1107896230202475
11 2284899650399760961
12 4697484584102406799521
13 38572957675399837886746123
14 316392839278535985537956881623
15 10375350180532286630209934837828053
16 340115205725187501595775418307712321805
17 44589752914650140937397272699312502469944735
18 5845169745821674669688014635913150149183054048579
19 3064758267441781329683740958964329664294963068033728873
20 1606872367964501668870983512803403644032444670824447498637689
