2 3
3 11
4 201
5 3413
6 233727
7 15544607
8 4103802933
9 1069035156713
10 1107896230202475
11 1142044772648964275
12 4697484584102406799521
13 19284763179499969013836925
14 316392839278535985537956881623
15 5187559573137612606140331666573383
16 340115205725187501595775418307712321805
17 22294752291968511829193621908690300365480977
18 5845169745821674669688014635913150149183054048579
19 1532376999900286172347092240309900134517105018563936219
20 1606872367964501668870983512803403644032444670824447498637689
