1 1
2 9
3 275
4 40401
5 23819327
6 54628310529
7 485957447109875
8 16841198512899402489
9 2288889894721295267504207
10 1227434056896855478379496125625
11 2609457701766492960629180224228668275
12 22066361417879761780103839321116134285829441
13 743870353902961511390633908882485491221251597991775
14 100104428746733503533616535312176720504179013795542435114129
15 53822747153675320722087067080119812290396104943669631566144660513299
16 115678353165486617063266879534099433698014534463081116998935651970623878458025
17 994117495992205860286170175051899019822823678312424735172242210980417861600814883806095
18 34166009357469020864661652740720379357229598445292739755275111644491739771833442961243162891919241
19 4696365079282035770959267949007842708257324288097341762600058245724555870977908275619326348811365539110751187
20 2582038806927844849198598458927672364843056207076930648973536710834017041515179027616851511408396216345202205510891260721
